28.5,0,217.9,2
0000000000000000000000000000000000000000000000000000000000000000000000000000000000000000000000000000000
0000000000000000000000000000000000000000000000000000000000000000000000000000000000000000000000000000000
0000000000000000000000000000000000000000000000000000000000000000000000000000000000000000000000000000000
0000000000000000000000000000000000000000000000000000000000000000000000000000000000000000000000000000000
0000000000000000000000000000000000000000000000000000000000000000000000000000000000000000000000000000000
0000000000000000000000000000000000000000000000000000000000000000000000000000000000000000000000000000000
0000000000000000000000000000000000000000000000000000000000000000000000000000000000000000000000000000000
0000000000000000000000000000000000000000000000000000000000000000000000000000000000000000000000000000000
0000000000000000000000000000000000000000000000000000000000000000000000000000000000000000000000000000000
0000000000000000000000000000000000000000000000000000000000000000000000000000000000000000000000000000000
0000000000000000000000000000000000000000000000000000000000000000000000000000000000000000000000000000000
0000000000000000000000000000000000000000000000000000000000000000000000000000000000000000000000000000000
0000000000000000000000000000000000000000000000000000000000000000011111111111111111000000000000000000000
0000000000000000000000000000000000000000000000000000000000000000011111111111111111000000000000000000000
0000000000000000000000000000000000000000000000000000000000000000011111111111111111000000000000000000000
0000000000000000000000000000000000000000000000000000000000000000011111111111111111000000000000000000000
0000000000000000000000000000000000000000000000000000000000000000011111111111111111000000000000000000000
0000000000000000000000000000000000000000000000000000000000000000011111111111111111000000000000000000000
0000000000000000000000000000000000000000000000000000000000000000011111111111111111000000000000000000000
0000000000000000000000000000000000000000000000000000000000000000000000010000000000000000000000000000000
0000000000000000000000000000000000000000000000000000000000000000000000010000000000000000000000000000000
0000000000000000000000000000000000000000000000000000000000000000000000010000000000000000000000000000000
0000000000000000011111111111000000000000000000000000000000000000000000010000000000000000000000000000000
0000000000000000011111111111000000000000000000000000000000000000000000010000000000000000000000000000000
0000000000000000011111111111000000000000000000000000000000000000000000010000000000000000000000000000000
0000000000000000011111111111000000000000000000000000000000000000000000010000000000000000000000000000000
0000000000000000011111111111000000000000000000000000000000000000000111111100000000000000000000000000000
0000000000000000011111111111000000000000000000000000000000000000000111111100000000000000000000000000000
0000000000000000011111111111000000000000000001111111110000000000000111111100000000000000000000000000000
0000000000000000011111111111000000000000000001111111110000000000000111111100000000000000000000000000000
0000000000000000011111111111111111111111111111111111110000000000000111111100000000011111110000000000000
0000000000000000011111111111000001000000000001111111110000000000000111111100000000011111110000000000000
0000000000000000011111111111000001000000000001111111111111111111111111111111111111111111110000000000000
0000000000000000000000000000000001000000000001111111110000010000000111111100000000011111110000000000000
0000000000000000000000000000000001000000000001111111110000010000000111111100000000011111110000000000000
0000000000000000000000000000000001000000000001111111110000010000000111111100000000011111110000000000000
0000000000000000000000000000000001000000000001111111110000010000000111111100000000011111110000000000000
0000000000000000000000000000000001000000000000000100000000010000000000000000000000011111110000000000000
0000000000000000000000000000011111111100000000000100000000010000000000000000000000011111110000000000000
0000000000000000000000000000011111111100000000000100000000010000000000000000000000000001000000000000000
0000000000000000000000000000011111111100000000000100000000010000000000000000000000000001000000000000000
0000000000000000000000000000011111111100000000000100000000010000000000000000000000000001000000000000000
0000000000000000000000000000011111111100000001111111111111111100000000000000000000000001000000000000000
0000000000000000000000000000011111111100000001111111111111111100000000000000000000000001000000000000000
0000000000000000000000000000011111111111111111111111111111111100000000000000000000000001000000000000000
0000000000000000000000000000011111111100000001111111111111111100000000000000000000000001000000000000000
0000000000000000000000000000011111111100000001111111111111111100000000000000000111111111111111111111000
0000000000000000000000000000000001000000000001111111111111111100000000000000000111111111111111111111000
0000000000000000000000000000000001000000000001111111111111111100000000000000000111111111111111111111000
0000000000000000000000000000000001000000000001111111111111111100000000000000000111111111111111111111000
0000000000000000000000000000000001000000000001111111111111111100000000000000000111111111111111111111000
0000000000000000000000000000000001000000000001111111111111111100000000000000000111111111111111111111000
0000000000000000000000000000000001111111111111111111111111111100000000000000000111111111111111111111000
0000000000000000000000000000000001000000000001111111111111111100000000000000000111111111111111111111000
0000000000000001111111111111000001000000000001111111111111111100000000000000000111111111111111111111000
0000000000000001111111111111000001000000000001111111111111111100000000000000000001000000000000000000000
0000000000000001111111111111111111000000000001111111111111111111111111000000000001000000000000000000000
0000000000000001111111111111000000000000000001111111111111111100000001000000000001000000000000000000000
0000000000000001111111111111000000000000000001111111111111111100000001000000000001000000000000000000000
0000000000000001111111111111000000000000000000000000000000000000000001000000000001000000000000000000000
0000000000000001111111111111000000000000000000000000000000000000000001000000000001000000000000000000000
0000000000000001111111111111000000000000000000000000000000000000000001000000000001000000000000000000000
0000000000000001111111111111111111000000000000000000000000000000000111110000000001000000000000000000000
0000000000000001111111111111000001000000000000000000000000000000000111110000000001000000000000000000000
0000000000000001111111111111000001000000000000000000000000000000000111110000000111111111111111000000000
0000000000000000010000000000000001000000000000000000000000000000000111110000000111111111111111000000000
0000000000000000010000000000000001000000000000000000000000000000000111110000000111111111111111000000000
0000000000000000010000000000000001000000000000000000000000000000000111110000000111111111111111000000000
0000000000000000010000000000000001000000000000000000000000000000000111111111111111111111111111000000000
0000000000000000010000000000000001000000000000000000000000000000000111110000000111111111111111000000000
0000000000000000010000000000000001000000000000000000000000000000000111110000000111111111111111000000000
0000000000000000010000000000000001000000000000000000000000000000000000000000000111111111111111000000000
0000000000000000010000000000000001000000000000000000000000000000000000000000000111111111111111000000000
0000000000000000010000000000000001000000000000000000000000000000000000000000000111111111111111000000000
0000000001111111111100000000000001000000000000000000000000000000000000000000000111111111111111000000000
0000000001111111111100000000000001000000000000000000000000000000000000000000000000000000000000000000000
0000000001111111111100000000011111111100000000000000000000000000000000000000000000000000000000000000000
0000000001111111111100000000011111111100000000000000000000000000000000000000000000000000000000000000000
0000000001111111111100000000011111111100000000000000000000000000000000000000000000000000000000000000000
0000000001111111111100000000011111111100000000000000000000000000000000000000000000000000000000000000000
0000000001111111111111111111111111111100000000000000000000000000000000000000000000000000000000000000000
0000000001111111111100000000011111111100000000000000000000000000000000000000000000000000000000000000000
0001111111111111111100000000011111111100000000000000000000000000000000000000000000000000000000000000000
0001000001111111111100000000011111111100000000000000000000000000000000000000000000000000000000000000000
0001000001111111111100000000011111111100000000000000000000000000000000000000000000000000000000000000000
0001000000010000000000000000011111111100000000000000000000000000000000000000000000000000000000000000000
0001000000010000000000000000011111111100000000000000000000000000000000000000000000000000000000000000000
0001000000010000000000000000000000000000000000000000000000000000000000000000000000000000000000000000000
0001000000010000000000000000000000000000000000000000000000000000000000000000000000000000000000000000000
0001000000010000000000000000000000000000000000000000000000000000000000000000000000000000000000000000000
0001111111110000000000000000000000000000000000000000000000000000000000000000000000000000000000000000000
0000000000000000000000000000000000000000000000000000000000000000000000000000000000000000000000000000000
0000000000000000000000000000000000000000000000000000000000000000000000000000000000000000000000000000000
0000000000000000000000000000000000000000000000000000000000000000000000000000000000000000000000000000000
0000000000000000000000000000000000000000000000000000000000000000000000000000000000000000000000000000000
0000000000000000000000000000000000000000000000000000000000000000000000000000000000000000000000000000000
0000000000000000000000000000000000000000000000000000000000000000000000000000000000000000000000000000000
0000000000000000000000000000000000000000000000000000000000000000000000000000000000000000000000000000000
0000000000000000000000000000000000000000000000000000000000000000000000000000000000000000000000000000000
0000000000000000000000000000000000000000000000000000000000000000000000000000000000000000000000000000000
0000000000000000000000000000000000000000000000000000000000000000000000000000000000000000000000000000000
0000000000000000000000000000000000000000000000000000000000000000000000000000000000000000000000000000000
0000000000000000000000000000000000000000000000000000000000000000000000000000000000000000000000000000000